-0.125 -0.125 0 0 0 -2.35619
-0.132947 -0.130188 0 0 0 -2.35619
-0.15594 -0.145143 0 0 0 -2.35619
-0.192302 -0.16861 0 0 0 -2.35619
-0.240312 -0.199212 0 0 0 -2.35619
-0.298208 -0.235568 0 0 0 -2.35619
-0.364176 -0.276408 0 0 0 -2.35619
-0.436362 -0.320666 0 0 0 -2.35619
-0.512203 -0.36756 0 0 0 -2.35619
-0.589264 -0.416682 0 0 0 -2.35619
-0.666458 -0.467859 0 0 0 -2.35619
-0.74216 -0.521369 0 0 0 -2.35619
-0.814639 -0.57789 0 0 0 -2.35619
-0.883251 -0.638092 0 0 0 -2.35619
-0.947528 -0.702762 0 0 0 -2.35619
-1.00733 -0.772613 0 0 0 -2.35619
-1.06292 -0.848128 0 0 0 -2.35619
-1.11468 -0.929635 0 0 0 -2.35619
-1.1634 -1.01707 0 0 0 -1.5708
-1.20942 -1.11056 0 0 0 -1.5708
-1.25285 -1.21035 0 0 0 -1.5708
-1.29437 -1.31602 0 0 0 -1.5708
-1.33459 -1.42708 0 0 0 -1.5708
-1.37401 -1.54308 0 0 0 -1.5708
-1.41308 -1.66358 0 0 0 -1.5708
-1.45191 -1.7884 0 0 0 -1.5708
-1.4906 -1.91735 0 0 0 -1.5708
-1.52944 -2.04999 0 0 0 -1.5708
-1.56868 -2.18593 0 0 0 -1.5708
-1.60855 -2.32483 0 0 0 -1.5708
-1.64924 -2.46639 0 0 0 -2.48279
-1.69475 -2.62201 0 0 0 -2.48887
-1.75121 -2.80583 0 0 0 -0.785398
-1.81523 -3.00444 0 0 0 -0.785398
-1.88076 -3.20279 0 0 0 -2.51187
-1.96175 -3.42015 0 0 0 -0.785398
-2.05865 -3.65357 0 0 0 -1.5708
-2.15837 -3.88412 0 0 0 -2.53852
-2.27765 -4.12796 0 0 0 -2.35619
-2.41549 -4.38236 0 0 0 -2.35619
-2.55522 -4.63108 0 0 0 -2.35619
-2.69709 -4.87482 0 0 0 -2.35619
-2.84086 -5.11421 0 0 0 -2.35619
-2.98605 -5.34982 0 0 0 -2.35619
-3.1321 -5.58215 0 0 0 -2.35619
-3.27846 -5.81163 0 0 0 -2.35619
-3.42464 -6.03858 0 0 0 -2.35619
-3.57022 -6.26327 0 0 0 -2.35619
-3.71489 -6.48588 0 0 0 -2.35619
-3.85839 -6.7066 0 0 0 -2.35619
-4.00053 -6.92554 0 0 0 -2.35619
-4.14118 -7.14282 0 0 0 -2.35619
-4.28025 -7.35854 0 0 0 -2.35619
-4.4177 -7.57278 0 0 0 -2.35619
-4.55349 -7.7856 0 0 0 -2.3562
-4.68759 -7.99692 0 0 0 -2.35619
-4.81997 -8.20664 0 0 0 -2.35619
-4.95061 -8.41458 0 0 0 -2.35619
-5.07951 -8.62051 0 0 0 -2.35619
-5.20672 -8.82441 0 0 0 -2.35619
-5.33229 -9.02619 0 0 0 -2.35619
-5.4562 -9.22551 0 0 0 -2.35619
-5.57821 -9.42125 0 0 0 -2.35619
-5.69823 -9.61268 0 0 0 -2.35619
-5.81664 -9.80057 0 0 0 -2.35619
-5.93359 -9.98519 0 0 0 -2.35619
-6.04904 -10.166 0 0 0 -2.35619
-6.16294 -10.3423 0 0 0 -2.35619
-6.27541 -10.5141 0 0 0 -2.35619
-6.38656 -10.6813 0 0 0 -2.35619
-6.49635 -10.8431 0 0 0 -2.35619
-6.60491 -10.9995 0 0 0 -2.35619
-6.71237 -11.1503 0 0 0 -2.35619
-6.81873 -11.2948 0 0 0 -2.35619
-6.92413 -11.4329 0 0 0 -2.35619
-7.02872 -11.5646 0 0 0 -2.35619
-7.13264 -11.6897 0 0 0 -2.35619
-7.23599 -11.8083 0 0 0 -2.35619
-7.33888 -11.9203 0 0 0 -2.35619
-7.44138 -12.0258 0 0 0 -2.35619
-7.54357 -12.1248 0 0 0 -2.35619
-7.64566 -12.218 0 0 0 3.14159
-7.74757 -12.3067 0 0 0 3.14159
-7.84888 -12.3911 0 0 0 3.14159
-7.94946 -12.47 0 0 0 3.14159
-8.04975 -12.542 0 0 0 3.14159
-8.15067 -12.6063 0 0 0 3.14159
-8.25349 -12.6625 0 0 0 3.14159
-8.35975 -12.7101 0 0 0 3.14159
-8.47091 -12.7496 0 0 0 3.14159
-8.58867 -12.7815 0 0 0 3.14159
-8.7138 -12.8073 0 0 0 3.14159
-8.8459 -12.8296 0 0 0 3.14159
-8.9846 -12.85 0 0 0 3.14159
-9.12909 -12.8702 0 0 0 3.14159
-9.27821 -12.8914 0 0 0 3.14159
-9.43064 -12.9141 0 0 0 0
-9.5787 -12.9365 0 0 0 0
-9.71627 -12.956 0 0 0 0
-9.84522 -12.973 0 0 0 0
