0 0 0 0 0 0
-0.00794692 -0.00518809 0.00272542 -0.00356627 -5.90837e-05 -0.0130045
-0.0309404 -0.0201433 0.0105824 -0.00767884 -0.000307139 -0.0468916
-0.0673017 -0.0436101 0.0229501 -0.00750168 -0.000598907 -0.0967634
-0.115312 -0.0742118 0.0392532 -0.00515668 -0.00067365 -0.159441
-0.173208 -0.110568 0.0589689 -0.00380405 -0.000583449 -0.232809
-0.239176 -0.151408 0.0815948 -0.00386136 -0.000581172 -0.315205
-0.311362 -0.195666 0.106648 -0.0040607 -0.000749196 -0.405026
-0.387203 -0.24256 0.133689 -0.00362988 -0.000957744 -0.500931
-0.464264 -0.291682 0.162349 -0.0029131 -0.00105648 -0.600955
-0.541458 -0.342859 0.192331 -0.002606 -0.00103893 -0.702912
-0.61716 -0.396369 0.223375 -0.00254987 -0.000999404 -0.804691
-0.689639 -0.45289 0.255264 -0.00249198 -0.000968915 -0.904316
-0.758251 -0.513092 0.287809 -0.00253109 -0.000931907 -1.00032
-0.822528 -0.577763 0.32083 -0.00262881 -0.000878942 -1.09153
-0.882329 -0.647613 0.354153 -0.00278469 -0.000818937 -1.17715
-0.937915 -0.723128 0.387604 -0.00302461 -0.000774269 -1.25672
-0.989684 -0.804635 0.421006 -0.00328747 -0.000753749 -1.33003
-1.0384 -0.892066 0.454174 -0.00377328 -0.000774412 -1.39791
-1.08442 -0.985556 0.486932 -0.00389485 -0.000787883 -1.45912
-1.12785 -1.08535 0.5191 -0.0037121 -0.000748639 -1.51275
-1.16937 -1.19102 0.5505 -0.00414007 -0.000742811 -1.56073
-1.20959 -1.30208 0.580968 -0.00480197 -0.000806089 -1.60409
-1.24901 -1.41808 0.610351 -0.00537969 -0.000897898 -1.64369
-1.28808 -1.53858 0.638519 -0.00568856 -0.000963622 -1.68
-1.32691 -1.6634 0.665364 -0.00557527 -0.000963436 -1.71261
-1.3656 -1.79235 0.690795 -0.00540976 -0.000930632 -1.74145
-1.40444 -1.92499 0.714726 -0.00586395 -0.000950665 -1.7678
-1.44368 -2.06093 0.737096 -0.00645473 -0.0010314 -1.7924
-1.48355 -2.19983 0.757856 -0.00692276 -0.0011241 -1.81615
-1.52424 -2.34139 0.776989 -0.00712064 -0.00118233 -1.83958
-1.56975 -2.49701 0.794232 -0.0162527 -0.00203115 -1.9644
-1.62621 -2.68083 0.81096 -0.0160698 -0.00304848 -2.18779
-1.69023 -2.87944 0.828493 0.00366502 2.93979e-05 -2.35343
-1.75576 -3.07779 0.846175 0.0113847 0.00225395 -2.43582
-1.83675 -3.29515 0.8631 -0.00437696 0.00140526 -2.54258
-1.93365 -3.52857 0.879875 -0.00938536 -0.00139988 -2.64187
-2.03337 -3.75912 0.895802 -0.00182821 -0.0026404 -2.68423
-2.15265 -4.00296 0.910151 -0.00182675 -0.00187148 -2.74836
-2.29049 -4.25736 0.923674 -0.00213116 -0.00069267 -2.81047
-2.43022 -4.50608 0.935984 0.000186713 -0.000367617 -2.82652
-2.57209 -4.74982 0.94646 0.000506882 -0.000954638 -2.81663
-2.71586 -4.98921 0.954814 -0.000531364 -0.00171203 -2.79294
-2.86105 -5.22482 0.960952 -0.00122716 -0.00202626 -2.76277
-3.0071 -5.45715 0.9649 -0.0012616 -0.00188785 -2.73029
-3.15346 -5.68663 0.96676 -0.00124322 -0.00164077 -2.69774
-3.29964 -5.91358 0.966689 -0.00157033 -0.00154459 -2.66631
-3.44522 -6.13827 0.964886 -0.00210092 -0.00160828 -2.63657
-3.58989 -6.36088 0.961559 -0.00253856 -0.00170616 -2.6088
-3.73339 -6.5816 0.956912 -0.00280618 -0.00173717 -2.58307
-3.87553 -6.80054 0.95114 -0.00300595 -0.00169256 -2.55936
-4.01618 -7.01782 0.944427 -0.00321873 -0.00162561 -2.53763
-4.15525 -7.23354 0.936945 -0.00343955 -0.00158562 -2.51778
-4.2927 -7.44779 0.928849 -0.00363451 -0.00158114 -2.49972
-4.42849 -7.6606 0.920276 -0.0038261 -0.00158981 -2.48355
-4.56259 -7.87192 0.911349 -0.00404943 -0.00158793 -2.46926
-4.69497 -8.08164 0.902178 -0.00430069 -0.0015693 -2.45661
-4.82562 -8.28958 0.892856 -0.00456562 -0.00154309 -2.44529
-4.95451 -8.49551 0.883462 -0.00483981 -0.00152042 -2.43494
-5.08172 -8.69941 0.874066 -0.0049981 -0.00150581 -2.42558
-5.20729 -8.90119 0.864732 -0.00513359 -0.00149565 -2.41707
-5.3312 -9.10051 0.855505 -0.00541578 -0.00148222 -2.40892
-5.45321 -9.29625 0.846398 -0.00616588 -0.00144962 -2.39936
-5.57323 -9.48768 0.837391 -0.00679909 -0.00140588 -2.38821
-5.69164 -9.67557 0.828511 -0.0065573 -0.00138858 -2.37778
-5.80859 -9.86019 0.819819 -0.00622829 -0.00139104 -2.36852
-5.92403 -10.041 0.811349 -0.00654968 -0.00137624 -2.35944
-6.03794 -10.2173 0.803111 -0.0071921 -0.00133204 -2.34998
-6.15041 -10.3891 0.795112 -0.00746526 -0.00128562 -2.34068
-6.26156 -10.5563 0.78737 -0.00748168 -0.00125327 -2.33176
-6.37135 -10.7181 0.779897 -0.00771136 -0.00121954 -2.32268
-6.47991 -10.8745 0.772703 -0.00790575 -0.00118945 -2.31413
-6.58737 -11.0253 0.765807 -0.00803257 -0.00116063 -2.30645
-6.69373 -11.1698 0.759224 -0.00830929 -0.00111528 -2.29909
-6.79913 -11.3079 0.752962 -0.0084246 -0.00107443 -2.29289
-6.90372 -11.4396 0.747042 -0.00842616 -0.00104494 -2.28846
-7.00764 -11.5647 0.741491 -0.00836064 -0.00102602 -2.28666
-7.11099 -11.6833 0.736342 -0.00831394 -0.00101102 -2.28841
-7.21388 -11.7953 0.731629 -0.00825481 -0.000998581 -2.2942
-7.31638 -11.9008 0.727385 -0.00822501 -0.000985802 -2.304
-7.41857 -11.9998 0.72363 -0.00817013 -0.000975224 -2.31762
-7.52066 -12.093 0.720379 -0.00793857 -0.000979201 -2.33503
-7.62257 -12.1817 0.717602 -0.00435738 -0.000597389 -2.27434
-7.72388 -12.2661 0.714262 0.00367919 -0.000687746 -2.11865
-7.82446 -12.345 0.709815 0.0101153 -0.00161089 -1.93211
-7.92475 -12.417 0.704365 0.0117697 -0.00198318 -1.73868
-8.02567 -12.4813 0.698249 0.0106169 -0.00118101 -1.54632
-8.12849 -12.5375 0.691865 0.00979059 -7.02833e-05 -1.3588
-8.23475 -12.5851 0.685631 0.00990246 0.000315642 -1.1781
-8.34591 -12.6246 0.67994 0.0100671 -7.62159e-05 -1.00485
-8.46367 -12.6565 0.675122 0.0102932 -0.000548097 -0.840759
-8.5888 -12.6823 0.671444 0.0098511 -0.000623933 -0.684273
-8.7209 -12.7046 0.6691 0.00902758 -0.000298515 -0.533616
-8.8596 -12.725 0.668199 0.00887205 9.31849e-05 -0.389036
-9.00409 -12.7452 0.668792 0.00913996 0.000256042 -0.25029
-9.15321 -12.7664 0.670874 0.00919471 0.000231514 -0.117152
-9.30564 -12.7891 0.674388 0.00898409 0.000225892 0.01054
-9.4537 -12.8115 0.679403 0.00570457 0.000392489 0.0987971
-9.59127 -12.831 0.685386 -0.000349951 0.000552864 0.138065
-9.72022 -12.848 0.691718 -0.00271698 0.000402265 0.151846
